16.35
17.32
18.35
19.45
20.6
21.83
23.12
24.5
25.96
27.5
29.14
30.87
32.7
34.65
36.71
38.89
41.2
43.65
46.25
49
51.91
55
58.27
61.74
65.41
69.3
73.42
77.78
82.41
87.31
92.5
98
103.83
110
116.54
123.47
130.81
138.59
146.83
155.56
164.81
174.61
185
196
207.65
220
233.08
246.94
261.63
277.18
293.66
311.13
329.63
349.23
369.99
392
415.3
440
466.16
493.88
523.25
554.37
587.33
622.25
659.25
698.46
739.99
783.99
830.61
880
932.33
987.77
1046.5
1108.7
1174.7
1244.5
1318.5
1396.9
1480
1568
1661.2
1760
1864.7
1975.5
2093
2217.5
2349.3
2489
2637
2793.8
2960
3136
3322.4
3520
3729.3
3951.1
4186
4434.9
4698.6
4978
5274
5587.6
5919.9
6271.9
6644.9
7040
7458.6
7902.1
